SHAC.SunICRF.AOP          SHAC.SunICRF.INC          SHAC.Sun.TA               SHAC.SunICRF.RAAN         SHAC.Sun.RMAG             SHAC.ElapsedDays          
177.0799411368421         23.1136064196075          342.4073939588022         0.303194283568232         148198167.903178          0                         
177.0798873785895         23.11360714789704         342.423323632722          0.3031935900752585        148187643.1739613         0.006944444445252884      
177.0797764276586         23.11360867444203         342.4535512057039         0.3031921382013635        148167707.2924671         0.02011525471607456       
177.07957331132           23.11361154133847         342.5013788838541         0.3031894170858672        148136260.8860138         0.04093524337076815       
177.0791272982665         23.11361809992745         342.5828942698869         0.3031832133722205        148082953.5917322         0.07635497245064471       
177.0784112387625         23.11362917854406         342.6746117314493         0.3031727819168581        148023450.2771968         0.1160816982155666        
177.0774505408037         23.11364474842803         342.7590275843897         0.3031581888737886        147969193.8130699         0.1524833000949002        
177.0761288647574         23.11366696942715         342.8400507296027         0.3031374522878172        147917658.7878311         0.1872191622605897        
177.0748501958959         23.11368897248975         342.8985596703829         0.3031169930863558        147880824.4074617         0.2121437763998983        
177.0731739114869         23.11371825060798         342.9593176293217         0.3030898546341136        147842949.4121968         0.2378586851118598        
177.0712839034656         23.11375167535733         343.0153856951501         0.3030589670386621        147808353.6923581         0.2614247893361608        
177.0691632821029         23.1137896327655          343.0693966132755         0.3030239914584348        147775341.1506638         0.2839827735951985        
177.0669170181148         23.11383035017881         343.121049906097          0.3029865757477925        147744019.6494875         0.3054497833945788        
177.0647018588211         23.1138710232539          343.1695642173652         0.3029492980607128        147714766.2387307         0.3255569745087996        
177.0624415857245         23.11391307210371         343.2191721912068         0.3029108579336264        147684947.1950534         0.3461109313720954        
177.0602946734756         23.11395355320507         343.2687751898286         0.3028739470088289        147655156.9195777         0.3667041001390317        
177.0583519830488         23.11399067928349         343.3181743173061         0.3028401834254766        147625462.3497733         0.3872903007359128        
177.0565615984323         23.11402536487632         343.3703570656143         0.3028087242151644        147594034.6568444         0.4091427801467944        
177.0550003908728         23.11405603864523         343.424468674377          0.3027809827483132        147561374.3360538         0.4319232783018379        
177.0536180980446         23.11408359623075         343.4833504738331         0.3027561354773539        147525770.0300283         0.4568400049611228        
177.0524562671371         23.11410711487485         343.5459402871522         0.302735000047618         147487885.0941897         0.4834481803918607        
177.0514760632393         23.11412727466162         343.6142083303996         0.3027169481928149        147446566.0305217         0.512581240865984         
177.0506340456916         23.11414488951028         343.6919146055232         0.3027012388293705        147399596.2926106         0.545842863371945         
177.0499782267309         23.11415885543466         343.7731710570518         0.3026888391211099        147350606.3603503         0.5807005828464753        
177.0494208956376         23.11417094593273         343.8667428525914         0.3026781573357723        147294405.3567706         0.6209000717572053        
177.0489738685451         23.11418083695883         343.9697702224291         0.3026694676818013        147232839.0111513         0.6651999859750504        
177.0486038278273         23.11418919678142         344.0878220467358         0.3026621699089949        147162743.6011924         0.7159776093540131        
177.0483039361614         23.1141961233945          344.2215476108351         0.3026561675836866        147083959.8259384         0.7734915929686395        
177.0480618576903         23.11420184598063         344.3732015543952         0.3026512504145778        146995440.6614153         0.8386856731958687        
177.0478671540765         23.11420656121479         344.5450509096055         0.3026472381923242        146896221.5859495         0.9125025555040338        
177.0477116578891         23.11421042171464         344.7383384508427         0.3026439900504341        146786024.8869964         0.9954380688868696        
177.0475868071601         23.1142136008091          344.956363091575          0.3026413496937538        146663516.1099606         1.088862109507318         
177.0474856592459         23.11421624331467         345.2040538581151         0.302639187974125         146526647.4393252         1.194828831161431         
177.0474025732571         23.11421847127251         345.4895648094736         0.3026373977756677        146371927.0653888         1.316747936536558         
177.0473344819027         23.11422034595156         345.8184975649945         0.3026359235322559        146197711.5397688         1.45690617388027          
177.047278746698          23.114221921426           346.1971173687097         0.3026347163799661        146002507.4754253         1.61783907913923          
177.0472330136062         23.11422324824235         346.6337716542358         0.3026337313600928        145784425.3433393         1.802923234747141         
177.0471952506216         23.1142243720425          347.1405342032178         0.3026329286781049        145540726.3752506         2.01705138534453          
177.0471641538767         23.11422532044412         347.726966923105          0.3026322825364898        145271223.4447176         2.263976374670165         
177.0471383601825         23.11422612573277         348.4106163670195         0.3026317644094512        144973843.0920222         2.550718191050692         
177.0471169222957         23.11422681015216         349.2106568014005         0.3026313529389486        144648584.3827889         2.884841494706052         
177.0470991213423         23.1142273911028          350.1489250108683         0.3026310292066607        144298064.3133315         3.274866682484571         
177.0470843765388         23.11422788419024         351.251999478287          0.3026307771290825        143928203.7887679         3.731112989102257         
177.0470722336938         23.11422830399496         352.5514321278575         0.3026305842608703        143550350.9254483         4.265783202870807         
177.0470623218842         23.11422866575212         354.0876424875447         0.3026304430148687        143183373.2211707         4.894593068645918         
177.0470551860741         23.11422894849855         355.6841903591912         0.3026303617684604        142892472.6541634         5.545102531999873         
177.0470493881679         23.11422920349082         357.5678699040865         0.3026303272788947        142666688.3590244         6.309803603689943         
177.0470448971988         23.11422942321722         359.8001686171434         0.3026303368147699        142562516.9401414         7.213885912235128         
177.0470417987945         23.11422958851615         2.429733675482787         0.3026303524433436        142666481.7335602         8.27877619152423          
177.0470402287246         23.11422969868927         5.439372000065273         0.3026303225627431        143087622.4976097         9.5019664011852           
177.0470401445256         23.11422980144262         8.711288277740319         0.3026302671792694        143916678.2492239         10.84331610483787         
177.0470412630119         23.11422992880017         12.05762763771388         0.3026302629472571        145175608.4688854         12.23516857666982         
177.0470433146853         23.11423005957104         15.36228577509596         0.3026303018795996        146843561.5557221         13.63765677699121         
177.047046162585          23.11423019763334         18.59912050479072         0.3026303335462217        148908473.77678           15.04671079978289         
177.0470497096867         23.11423034155676         21.77861198988655         0.3026303620310041        151379406.7547664         16.47357959912188         
177.0470538841091         23.1142303965707          24.90917157465877         0.3026304200639831        154273430.2109742         17.92912726917712         
177.0470587128201         23.11423030791916         27.99864129837482         0.302630489232169         157616600.5022702         19.42477403418889         
177.0470642638914         23.11423023326637         31.04124078934359         0.3026305221922198        161427138.8120085         20.9660534945142          
177.0470705222775         23.1142303362688          34.01800618523681         0.3026305368380523        165704578.6350511         22.55139126937138         
177.047077425976          23.11423050087889         36.90344291107878         0.3026305801721775        170427208.3801355         24.17380494368263         
177.0470850277673         23.11423055317334         39.68329405241731         0.3026306206159102        175576726.820574          25.83001539528777         
177.0470933847065         23.1142305688804          42.35372943686108         0.3026306371284457        181145377.6358176         27.52114062808687         
177.0471024548511         23.11423064580095         44.91994399426824         0.3026307409667537        187142855.8577995         29.25336206020438         
177.0471123296219         23.11423068266289         47.38946360205851         0.3026309438452268        193589082.350726          31.0348623584141          
177.0471233188452         23.11423069029103         49.77015962489883         0.3026310751396505        200512079.1000197         32.87501149047603         
177.0471355472346         23.11423076319068         52.06544461765727         0.3026311307397551        207933367.7611375         34.78063368328003         
177.0471490274034         23.11423073405917         54.27907476759685         0.3026312178088695        215879449.8293924         36.75934857209359         
177.0471639760278         23.11423074126469         56.41152998599024         0.302631247624348         224367786.0914955         38.81619230352226         
177.0471803456379         23.1142309388474          58.46422192481981         0.3026313713904069        233419653.7091508         40.95700074167689         
177.0471982545628         23.1142310203562          60.43517770280204         0.3026315660838724        243039697.9463194         43.18366127389163         
177.047217963841          23.11423108659346         62.3248907656598          0.302631685939363         253239710.7671139         45.49984741517983         
177.0472393542291         23.11423103943404         64.13539176017994         0.3026319404946797        264038049.6762985         47.91070384092745         
177.0472628710843         23.11423103872969         65.86834655208811         0.3026320212372575        275450432.4017962         50.42072165810532         
177.0472883704709         23.11423121097548         67.52608994282855         0.3026321714896427        287496262.6646875         53.03515485358366         
177.0473161412437         23.1142312155643          69.11148096501917         0.3026322417292742        300199492.7656285         55.76016277822055         
177.0473462301147         23.11423126735338         70.62745119587193         0.3026323191020819        313586579.2031469         58.60234309807856         
177.0473789044086         23.11423120466722         72.0770192211269          0.3026322919542799        327687315.299843          61.56890392939385         
177.047414707273          23.1142311482454          73.46264963810594         0.3026317933625806        342528590.7596464         64.66636043961626         
177.0474533119994         23.11423109926455         74.78557894802697         0.3026312293402835        358123669.8252233         67.8983613028613          
177.0475019126385         23.1142310217459          76.24274532001584         0.3026303109939604        377162982.9867945         71.81824910684372         
177.0475485614473         23.11423082682096         77.45735054503511         0.3026288928091145        394757236.7038327         75.41993670645024         
177.0476075010075         23.11423057300928         78.78858105986191         0.3026263534098043        416138864.6847831         79.77537888032384         
177.047672443865          23.1142303097857          80.05176728554348         0.3026228005555223        438792641.6533671         84.36926190861413         
177.0477448186199         23.11422979233958         81.25384669271141         0.3026175270863405        462862089.9294788         89.23180237381894         
177.0478264946983         23.11422905498615         82.39719986757289         0.3026094122415149        488426088.0777184         94.3799890090886          
177.0479182538098         23.11422839343883         83.48423561940807         0.3025986513574428        515569575.7990314         99.8320156995178          
177.0480238905258         23.11422743032491         84.51512330994559         0.3025830702102387        544318085.734341          105.5941674169444         
177.0481440493146         23.11422639462329         85.46908498396954         0.3025623023643126        573985980.8007841         111.5305933297277         
177.0482517607459         23.11422533524251         86.1686616139507          0.3025418504673746        597913501.9385321         116.3127581633671         
177.0483567498369         23.11422434132899         86.73742694288183         0.3025212856424437        618905886.3360506         120.5050820370961         
177.0484585177129         23.11422359754059         87.20563435332814         0.3025025599793386        637336702.9048154         124.1838420286731         
177.048556669047          23.11422299627396         87.59539458694302         0.302487528697258         653545090.918462          127.4177312597021         
177.0486507724251         23.11422262734648         87.9229175456686          0.3024780665339898        667821551.9278617         130.26532394065           
177.048738973209          23.11422264009937         88.20039646412717         0.3024774124981734        680417431.5095818         132.7771383994332         
177.0488191512449         23.11422309617074         88.43712518422751         0.3024891506955587        691547979.4630555         134.9963455909528         
177.0488890300729         23.11422396765859         88.64033128817518         0.3025171938509198        701399217.9990727         136.9601965386246         
177.0489446962811         23.11422543172619         88.81570566211512         0.3025671977727126        710131656.5869489         138.7007976889436         
177.0489819618647         23.11422752879438         88.96778803025852         0.3026454059221871        717884166.7634921         140.2459046819567         
177.0489957027747         23.11423052691621         89.10023602384621         0.3027593137564866        724776902.8148978         141.6195178561102         
177.0489793617526         23.11423468425251         89.21602545154963         0.3029182277212541        730914006.3025745         142.8424297681122         
177.0489248838247         23.11424016343684         89.31760392215345         0.3031334281267815        736386191.0440743         143.9327458242842         
177.0488226494182         23.11424718366252         89.40699298190889         0.3034183240890577        741272203.3371            144.9061788691688         
177.048661222178          23.11425606938531         89.48587653966825         0.3037888172957502        745640666.0729574         145.7764190551388         
177.04842693202           23.11426721979431         89.55567119257822         0.3042638467954788        749551772.8788056         146.5554730078948         
177.0481034878426         23.1142810907263          89.6175631598371          0.3048658537398642        753057714.6887949         147.2537499691462         
177.0476714708929         23.11429821102846         89.67256745964015         0.3056215217153434        756204786.2149065         147.8804822024031         
177.0471079607229         23.1143191987087          89.72153939307829         0.3065622391315745        759033121.646396          148.4436729521112         
177.0463859640671         23.11434478010991         89.76521017596305         0.3077248945181486        761578025.0572851         148.9503618717499         
177.0454738116215         23.11437580556762         89.80420566169919         0.3091526860213149        763870520.8500158         149.4067349830511         
177.0443342327291         23.11441327367842         89.83906910217118         0.3108964020415199        765938279.2522207         149.8183092022809         
177.0429236143798         23.11445834926815         89.87026585879144         0.3130153781829096        767805583.8671974         150.1899260964856         
177.0411914068795         23.11451237878548         89.89819062572339         0.3155782476278023        769493506.4016318         150.5257868978224         
177.039078239428          23.11457694608522         89.92319196001677         0.3186655888501191        771021192.8253229         150.8297086214661         
177.0361840696244         23.11466374705255         89.94801295216784         0.3228470590315839        772557912.9304506         151.1353637397769         
177.0330294147323         23.11475688882917         89.96772481066044         0.3273626584310789        773797466.674655          151.3818563581517         
177.028766941772          23.11488108314546         89.98718976472065         0.3334161102247939        775044842.2316234         151.6298438447775         
177.024147166833          23.1150142100209          90.00262854372146         0.3399332761107616        776057738.3618133         151.8311617809377         
177.0179782643618         23.11519036564992         90.01770023578153         0.3485859512181336        777076407.8982288         152.0335694721798         
177.0104858001621         23.11540268437247         90.03080324816847         0.3590405962739875        777998831.3393803         152.2167935174584         
177.0014559203015         23.11565709013676         90.04200309437974         0.371584082508386         778831297.3761294         152.3820904871172         
176.9906269659847         23.11596096613235         90.05139110816282         0.386568393607773         779582528.5750724         152.531200075653          
176.9776952165618         23.11632304474286         90.05904099491903         0.4044021195826418        780260910.6942768         152.6657943611135         
176.9622728092375         23.11675466996061         90.06501397179096         0.4256079950386284        780875449.3783036         152.7876673444771         
176.943984010875          23.11726722602898         90.06931409846662         0.4506901895922494        781431442.5958883         152.8978767249209         
176.9222688184754         23.11787781612635         90.07194591983261         0.480403687253682         781937127.6477953         152.9980619788766         
176.9217883817082         23.11789135606889         90.0719817725785          0.4810603973775642        781946912.5774659         153                       
176.9217883572735         23.11789135573898         90.07255292202868         0.4810603822536205        781981974.7788275         153.0069444444453         
176.921788296344          23.11789135489889         90.07397644405351         0.4810603445278571        782069376.8227718         153.0242553556527         
176.9217881416763         23.11789135265455         90.07758580919632         0.4810602486572493        782291073.8024367         153.0681648206591         
176.9217877442337         23.11789134616287         90.08683326673943         0.4810600016008802        782859651.3920265         153.1807777321083         
176.9217867568707         23.11789132578916         90.10964076813715         0.4810593833093489        784265502.5059097         153.4592218200705         
176.9217848194183         23.11789127213893         90.15370345074348         0.48105815289867          786995862.4853604         154                       
176.4044292196668         23.13338822765997         90.03147033233105         1.177144219522709         787030941.107206          154.0069444444453         
175.9005033566684         23.15148411030868         89.91107321395059         1.856673825360845         787063494.1661522         154.0133831140483         
175.5211913208765         23.16707932162089         89.8195232296583          2.369221993836844         787087094.8433707         154.0180476728492         
175.1168139581792         23.18559226852758         89.72099861682058         2.916703744419844         787111513.8009676         154.0228710069496         
174.8920998657367         23.19672931571866         89.66581764099398         3.221439138243985         787124788.0343046         154.025491756569          
174.6333220288897         23.21031253999204         89.60187662514734         3.572827313092914         787139838.1480896         154.0284620946768         
174.365072360171          23.22525570331031         89.5351344394699          3.937613573800212         787155194.5299428         154.031491779293          
174.0769312818442         23.24229351074173         89.46290281028139         4.330080802383719         787171438.2330444         154.0346953474582         
173.8426766999143         23.25690445393671         89.40375353250305         4.649650031220864         787184470.4215479         154.0372646927572         
173.6272659345458         23.27094615006151         89.34901484341293         4.943920601669037         787196329.5593659         154.0396021269917         
173.4307528449997         23.28426627951984         89.29878018612162         5.21272599353397          787207053.0447718         154.0417152137088         
173.2060797810444         23.30009623704735         89.24098936506552         5.520472281860544         787219211.7723689         154.0441105482969         
172.91741728368           23.32138426100274         89.16616266238222         5.916548984849841         787234691.4260477         154.0471592772083         
172.648371169536          23.3421967922593          89.09581836934971         6.286422928780971         787248993.4717331         154.0499752680116         
172.3377286018638         23.36740612756504         89.0138492510285          6.714370415727677         787265379.3151401         154.0532006415233         
172.0328321260161         23.39339310926637         88.93258695639821         7.135363743784263         787281353.4801663         154.0563441030681         
171.7005782178195         23.42313433987265         88.84308412578595         7.595261487332296         787298667.1110677         154.0597502380406         
171.4000571649037         23.45133105633726         88.76124340100961         8.012292180365591         787314267.9430292         154.0628186601898         
171.1006468839265         23.48066580196551         88.6788352159068          8.428820618791399         787329778.5994555         154.065868699814          
170.8256446008811         23.50871734558406         88.60235148051676         8.812342651357648         787344015.5931361         154.0686677681006         
170.5762421077459         23.53508800057074         88.53230745335729         9.160977296750275         787356934.8538162         154.0712073766263         
170.3169320467739         23.5634576490595          88.45877176565016         9.524311597456636         787370389.7994317         154.0738519376027         
170.1007500625817         23.58786007076912         88.39689644202818         9.827900505904058         787381635.3284266         154.076061995569          
169.9173496621748         23.60910428031322         88.34398576281333         10.08595548090463         787391203.04803           154.0779421631451         
169.7331583984043         23.6309466139308          88.2904507506842          10.34559918732166         787400843.4318104         154.0798364835355         
169.5567529383556         23.65234663973146         88.23879749327422         10.5947258719469          787410111.2473843         154.0816574903874         
169.3682045873111         23.67574579061432         88.18316621095045         10.86150926722908         787420060.8912129         154.0836123708141         
169.1438644389298         23.70430350704479         88.11639071793672         11.1796381088548          787431967.3993827         154.0859516243436         
168.9298821781751         23.73227811459622         88.05209019354703         11.4838107659305          787443403.3164122         154.0881983402796         
168.6587314241071         23.76877393692532         87.96973000876633         11.87030840065923         787458022.3220594         154.091070340226          
168.3788851764218         23.80768904596447         87.88365902644523         12.2704893052355          787473282.4082212         154.0940682612854         
168.1114524469188         23.84608600114403         87.80035112510672         12.65419040051792         787488053.3281384         154.0969701241338         
167.898220812144          23.87756241760517         87.73316152324998         12.96104956849895         787499978.9226533         154.0993130729257         
167.6509066289973         23.91504458456776         87.65435092641738         13.31801979901248         787513994.7376231         154.1020668047931         
167.3602865444563         23.96045358806679         87.56048476269511         13.73901185841465         787530746.7951208         154.1053583898101         
167.0918475393859         24.00373377074238         87.47252803749427         14.12938648851896         787546523.8338053         154.1084587242585         
166.8473195274119         24.04430092021879         87.39131345750206         14.48630734007122         787561179.1641452         154.111338984505          
166.6028983517691         24.08596193724587         87.30905165626149         14.84437904726344         787576127.8133349         154.1142773024549         
166.345618677031          24.13104159567649         87.22124560488615         15.22275668376118         787592221.1725415         154.1174411577886         
166.054286661896          24.18364378818184         87.12024521327973         15.65311298949966         787610938.7320187         154.1211217039017         
165.7876806066166         24.23326704912863         87.02628537223396         16.04879265227866         787628581.6768217         154.1245918144195         
165.5628950290054         24.27623773764636         86.9458752009847          16.38384017775781         787643882.076486          154.1276019369398         
165.3384494660638         24.32020138770373         86.86445490970821         16.71974669613084         787659587.9236714         154.1306926181569         
165.1239521045027         24.36322740400412         86.78554380534493         17.04209157041485         787675037.3267654         154.1337336748038         
164.9751877664092         24.39366066500167         86.73016086973145         17.26644276245672         787686026.8732095         154.1358973907772         
164.8077760280077         24.42850064389211         86.66717331807503         17.51971521410949         787698684.7174867         154.1383901549561         
164.6069098587729         24.47114651776559         86.59064181233252         17.82475421225373         787714311.2041152         154.1414684403353         
164.4396558227075         24.50737327854148         86.52609194200672         18.07974401765713         787727719.570996          154.1441105957856         
164.2785016699027         24.54290846566832         86.46316172044031         18.32631991474862         787741009.3848763         154.1467301676967         
164.1327650950968         24.57558665165963         86.40561082600203         18.55007906235269         787753365.5402961         154.1491664224814         
163.9887219676428         24.60840135404891         86.34811110267781         18.77198267504776         787765917.5547255         154.1516420233675         
163.846458580116          24.64132394935192         86.29070030482248         18.99189374261433         787778670.656142          154.1541580562262         
163.7087803679443         24.673680512257           86.23453325834636         19.20544819297304         787791375.2848346         154.1566653186601         
163.5514523354995         24.71126340120257         86.16959512599837         19.45039137382518         787806364.8842268         154.1596245620822         
163.3525707755745         24.75972327675109         86.08630888047581         19.76147104739672         787826101.6305295         154.1635227477018         
163.1512226613008         24.80989558152699         86.00056705058127         20.07812301036636         787847079.4141985         154.167668299895          
162.9576063289657         24.85922854694215         85.91670035994026         20.38432325780171         787868314.1994933         154.1718670579648         
162.7612676386581         24.91037877512936         85.83016208388055         20.69662697392741         787891049.109659          154.1763651882284         
162.5767571255059         24.95951253797677         85.74739585375751         20.99185308512543         787913662.8172343         154.18084220944           
162.4033102981352         25.00667223233015         85.6682520059761          21.27099217180753         787936171.2242858         154.1853012645079         
162.2476891753985         25.049812719567           85.59608020606699         21.52284366666144         787957532.089756          154.1895356679743         
162.1179423136257         25.08639673832575         85.53502834036888         21.73388187724191         787976286.4225516         154.1932555412786         
161.9920905740843         25.12243287892077         85.47501145360725         21.93954689717511         787995391.8953835         154.197047153466          
161.867039273847          25.15879121278407         85.41456514184243         22.14488269111996         788015365.3899697         154.2010132900905         
161.737236908315          25.19712869137043         85.35092939511307         22.35909790964141         788037261.1731622         154.2053637879362         
161.6208047932387         25.2320502352366          85.29303995052996         22.55222481590768         788058028.4318124         154.2094926150094         
161.4969149052738         25.26977879445128         85.23056378304734         22.7587846783662          788081440.3994529         154.2141502195664         
161.3037145729064         25.32983201062067         85.1312220816901          23.08322141383431         788121078.2050309         154.2220429313602         
161.1396274496931         25.38205290613531         85.04489337912699         23.36114279029261         788158297.9333366         154.2294621953115         
160.9628568102484         25.43962870241081         84.9497146590721          23.66319504146286         788202881.3545616         154.2383593618579         
160.8192830447055         25.48745236180431         84.87061325207443         23.91071614906137         788243288.2322627         154.2464322820597         
160.6739424593812         25.53688783897487         84.7887578508479          24.16346574952691         788288933.0160652         154.2555619414634         
160.5641995833526         25.5749342124517          84.72566953738605         24.35588855440515         788327254.4903915         154.2632349705236         
160.4391265130654         25.61909269966602         84.65231214471804         24.57699520074386         788375908.4754422         154.2729871939518         
160.3114365700816         25.66510506650302         84.57567936071563         24.80490012516555         788432390.3957783         154.2843223790842         
160.2050911681252         25.70419242815955         84.51038519843412         24.99656198532715         788486087.9463665         154.2951120134094         
160.1074684408952         25.74073141832306         84.44915305522362         25.17415130791912         788542166.5270621         154.3063931604484         
160.0050696353172         25.77978724322237         84.38345762858272         25.36232459729037         788609956.3236343         154.3200470877346         
159.910840671398          25.81644464678287         84.32152750612187         25.53742485598999         788682959.3150966         154.3347704204207         
159.8331984827533         25.84721635921088         84.26930983407334         25.68329931259746         788753243.9647315         154.3489632509736         
159.7588933992118         25.87719527223153         84.2182088777251          25.82445739702546         788831914.3538742         154.3648686436718         
159.6906034206591         25.90525590144657         84.17015169731934         25.95574075229834         788917376.5908664         154.3821684997165         
159.6223637565858         25.93384710656637         84.12094164183532         26.08868271528342         789020098.0098221         154.4029890349702         
159.5617923462488         25.95975882750768         84.07611966872751         26.2084593724077          789131754.2060246         154.4256509328261         
159.5126075293111         25.98123370603012         84.03881288102431         26.30722589889629         789242744.1504135         154.4482059846778         
159.4615582649348         26.00401904654638         83.9990913920734          26.41153095117532         789386324.215991          154.4774215441939         
159.4218189065751         26.02218764269422         83.96735507390443         26.49434702685387         789528006.8232515         154.506288151475          
159.3888172086248         26.03763924301284         83.94037712050986         26.56453482499809         789676059.0097355         154.5364874728621         
159.3586709708577         26.05212612125475         83.91518067086291         26.63014040190333         789848382.2865587         154.5716773903405         
159.335367844175          26.06364601435581         83.89531559468784         26.68217393960054         790019298.5983591         154.6066174016451         
159.3170181354996         26.07298261109883         83.87943783502352         26.72425944200209         790190053.7691548         154.6415573555787         
159.3004214250676         26.08170294130181         83.86493181849004         26.76349876567736         790387615.1466178         154.6820186776386         
159.2876018886879         26.08868890248661         83.85369427387653         26.79488753218973         790584657.0552022         154.7224079169391         
159.276080916586          26.09523802095273         83.84368093931221         26.82427736183666         790816144.9155672         154.769896320744          
159.2668668902744         26.10075452886053         83.83589736513416         26.84900729079979         791064198.3665127         154.8208235751226         
159.2596201759417         26.10537129565539         83.83014804652686         26.86968661323107         791329438.7463932         154.8753199172352         
159.2539715773087         26.10925660662866         83.82620986897112         26.88707847828642         791616336.250457          154.9343069925235         
159.2497253680479         26.11247723724466         83.82398800095959         26.90148819590569         791924156.3607152         154.9976371250596         
159.2466672235086         26.11511591022465         83.82335315967204         26.91329029673616         792252601.5156235         155.0652515903785         
159.2445812262962         26.1172698810815          83.8241803656427          26.92292259440654         792604209.8680928         155.1376752285578         
159.2432750055266         26.11905139716889         83.82644732160786         26.93088870349572         792990346.941928          155.2172531254691         
159.2426559061104         26.12047685875909         83.83009864001147         26.93726288490774         793407218.3773183         155.30320778233           
159.2426026907698         26.12159398837378         83.83506906415684         26.94225893864713         793855172.168413          155.3956140638184         
159.243012929734          26.1224609910206          83.84139957358532         26.946137203537           794342523.3449875         155.4961907903053         
159.2438027879977         26.1231111907472          83.84908210633765         26.94904654090239         794871395.0891382         155.6053802224851         
159.2448966993211         26.12357699234618         83.85812194391411         26.95113157417635         795444785.8719929         155.723805221729          
159.2462292980062         26.1238878614205          83.86854152303914         26.95252372572991         796066466.7483424         155.8522483032284         
159.2477392843312         26.12406923116419         83.88033501741062         26.95333636852494         796738311.8833611         155.9911000285792         
159.2493967948809         26.12414485075298         83.89369274311427         26.95367537767175         797472824.3922282         156.1429482209423         
159.2511506814038         26.12413248323143         83.90859853932427         26.95361986121248         798270512.0241966         156.3079017730633         
159.2529717928304         26.12404863318219         83.92517892696671         26.95324334870387         799139609.040616          156.4876669824371         
159.2548313864677         26.12390732780428         83.9435373387177          26.95260833081776         800086879.3180819         156.6836464528751         
159.2567106347261         26.12372010409424         83.96385249564689         26.95176619101176         801122830.7962644         156.8980176980767         
159.2585841572815         26.12349777057835         83.9862113153203          26.95076512050921         802253218.7507519         157.1319749567192         
159.2604380251987         26.12324889465287         84.01080367040622         26.94964330985283         803489053.6862056         157.387799975324          
159.2622586450043         26.12298098308437         84.03781068343726         26.94843424931866         804840935.817916          157.6676896496356         
159.2640348017983         26.12270043501904         84.06742874011782         26.94716651012445         806320342.7306025         157.9740223574481         
159.2657602278555         26.12241219096966         84.09992575219205         26.94586214304895         807942497.7937169         158.3099518799936         
159.2674268261123         26.12212091271158         84.13552999673041         26.94454199990658         809720895.8045892         158.6782736830428         
159.269030903849          26.12183003735063         84.17454995039213         26.94322144238664         811673376.9541162         159.0826825645272         
159.2705689370314         26.12154254864169         84.21730080404811         26.94191382196772         813818565.2318941         159.5270348913618         
159.2720389264587         26.12126079900504         84.26413920688057         26.94062966758194         816177734.0690857         160.0157347312852         
159.2734399314544         26.12098663449401         84.31546208749366         26.9393772534122          818774909.2989436         160.5537548784268         
159.274771958387          26.12072145118442         84.37171441979841         26.93816286165877         821637461.2400466         161.1467591072287         
159.2760351762047         26.12046638382792         84.43336394400745         26.93699165204788         824795053.9724414         161.8008840003167         
159.2772304882079         26.12022222419405         84.50092786454186         26.93586728197716         828281277.7072743         162.5230764963853         
159.2783594003319         26.11998947832825         84.57498004115878         26.93479212671568         832134376.7499164         163.3212439516428         
159.2794237762984         26.11976844872941         84.65615098215341         26.93376759638589         836397693.6335582         164.2043452269645         
159.2804255522028         26.11955931174579         84.74511594664349         26.93279449304522         841119574.5473866         165.1823700045425         
159.2813669900719         26.11936205796509         84.84262202565682         26.93187284324834         846355450.5251346         166.2667685589331         
159.2822503359259         26.11917656021545         84.9494602461709          26.93100228977517         852167156.4831066         167.4703091529955         
159.2830781231092         26.11900257808924         85.06649746347725         26.93018185316477         858625630.1147363         168.8076351607306         
159.2838529297305         26.11883988633084         85.19465736968239         26.92941021714551         865811112.153556          170.2953043577145         
159.284577222045          26.11868817496341         85.3349263692879          26.92868590048343         873814961.7175702         171.952162337664          
159.2852530352299         26.11854699460655         85.48832966228615         26.9280075972274          882740106.3529803         173.7994329496578         
159.2858826626091         26.11841592330267         85.65597268516731         26.92737355337122         892705676.813318          175.8616745626277         
159.2864685056137         26.118294667583           85.83898248036944         26.92678176306838         903846358.9924247         178.1666425148214         
159.2870122439194         26.11818287460023         86.03852771079958         26.92623071107365         916316898.1578954         180.7462177237394         
159.2875153747503         26.11807966097714         86.25577121933728         26.92571892773814         930293233.9612317         183.6366380906475         
159.287979795429          26.11798519320041         86.49190283710787         26.92524446293533         945979543.6607544         186.8799521439068         
159.2884066136914         26.11789882474711         86.74803101275143         26.92480600499197         963607141.2808537         190.5237890814751         
159.2887968116444         26.11782040293874         87.02521470970159         26.9244022894544          983443552.0861981         194.6232342574658         
159.2891513030089         26.1177493435338          87.32440733741367         26.92403209496635         1005797256.296798         199.2418108864586         
159.2894709424411         26.1176854297145          87.64639877046076         26.92369430493197         1031023539.934528         204.452693978812          
159.2897565296778         26.11762855572602         87.99175842570007         26.92338799176651         1059531828.380888         210.3402354665741         
159.2900090138129         26.11757806594682         88.36073922826395         26.92311238576644         1091791080.771748         217.00109574003           
159.2902303448821         26.11753404976496         88.75328718888591         26.9228663046285          1128345633.028874         224.5475417352718         
159.2904241347416         26.1174954714809          89.16882197331948         26.92264783956372         1169811385.898188         233.1066985993166         
159.2905958358828         26.11746208907736         89.60610465946631         26.9224544935285          1216875476.984297         242.8205366444818         
159.2907401535845         26.11743561700424         90.0222826479158          26.92229684194693         1265327937.18626          252.8205366444818         
159.2908668429993         26.11741409380409         90.40775576828777         26.92216710697016         1313779792.389264         262.8205366444818         
159.2909849389187         26.1173960576586          90.76579960586128         26.92205637430712         1362229002.663153         272.8205366444818         
159.2910988703646         26.11738065993934         91.09924175880759         26.92195925885715         1410673944.901533         282.8205366444818         
159.2912095049853         26.1173671112015          91.41053596340362         26.9218729249752          1459113331.306735         292.8205366444818         
159.291314406696          26.11735544566601         91.70182192797505         26.92179694115136         1507546144.776271         302.8205366444818         
159.2914090129574         26.11734575422454         91.97497395044158         26.92173241104875         1555971587.540948         312.8205366444818         
159.2914867260929         26.11733823352134         92.23164068138887         26.92168209346264         1604389040.184084         322.8205366444818         
159.2915411508335         26.11733350207688         92.47327786008948         26.92164861404983         1652798028.80119          332.8205366444818         
159.291565369082          26.11733171421528         92.70117544378422         26.92163534365811         1701198198.556167         342.8205366444818         
159.2915525984929         26.11733334331235         92.91648023755378         26.92164597998612         1749589292.277913         352.8205366444818         
159.2914978667831         26.11733881306526         93.12021489059521         26.92168318220951         1797971133.042579         362.8205366444818         
159.2913980660875         26.11734811586752         93.31329393869161         26.92174861543994         1846343609.91992          372.8205366444818         
159.2912507770886         26.11736132872416         93.49653743058735         26.92184405866496         1894706666.242231         382.8205366444818         
159.2910563114025         26.11737851529851         93.67068256777516         26.92196957303494         1943060289.893119         392.8205366444818         
159.2908168691434         26.11739929983279         93.83639370450918         26.92212422415039         1991404505.220544         402.8205366444818         
159.2905366844382         26.11742361814187         93.99427099115834         26.92230586845074         2039739366.262203         412.8205366444818         
159.2902206691877         26.11745082808088         94.14485789316254         26.92251225323975         2088064951.037479         422.8205366444818         
159.2898752713217         26.11748039320006         94.28864777514484         26.92274008801024         2136381356.713829         432.8205366444818         
159.2895081987956         26.11751223726687         94.42608970195488         26.9229850699878          2184688695.499903         442.8205366444818         
159.289125885018          26.11754536653644         94.55759357291532         26.92324393803158         2232987091.155            452.8205366444818         
159.2887341618277         26.11757936175132         94.68353467200201         26.92351359911708         2281276676.035432         462.8205366444818         
159.288337304779          26.11761443911876         94.80425768670119         26.92379174630369         2329557588.622643         472.8205366444818         
159.287937372432          26.11764991731088         94.92008022433755         26.92407724227922         2377829971.494767         482.8205366444818         
159.2875336815096         26.11768631734529         95.03129584067008         26.92437043992766         2426093969.711759         492.8205366444818         
159.2871215996492         26.11772373112247         95.13817659407859         26.92467423431446         2474349729.584471         502.8205366444818         
159.2866950752293         26.11776232629506         95.24097514897302         26.92499186264541         2522597397.791433         512.8205366444818         
159.2862450959714         26.117803334199           95.33992647069141         26.9253284390444          2570837120.796665         522.8205366444818         
159.2857614434565         26.11784694689859         95.43524917445609         26.92568965634531         2619069044.511436         532.8205366444818         
159.2852327911924         26.11789379030346         95.52714660547996         26.92608202485278         2667293314.135979         542.8205366444818         
159.2846490276562         26.11794486121713         95.61580773172874         26.92651108247567         2715510074.116251         552.8205366444818         
159.2840021772408         26.1180006288706          95.70140792400842         26.92698089370925         2763719468.156111         562.8205366444818         
159.283284797538          26.11806095094332         95.78410968259944         26.92749575820729         2811921639.235531         572.8205366444818         
159.2824937166781         26.11812671812659         95.86406335089984         26.92805702844991         2860116729.598242         582.8205366444818         
159.2816290359339         26.11819741617404         95.94140783913059         26.92866413462335         2908304880.685041         592.8205366444818         
159.2806936377128         26.11827263607845         96.01627136819535         26.92931507995797         2956486233.000148         602.8205366444818         
159.2796944650137         26.11835203700762         96.08877223672199         26.93000527376104         3004660925.906496         612.8205366444818         
159.2786411048338         26.11843480093522         96.15901961205493         26.93072872963388         3052829097.351941         622.8205366444818         
159.27754603532           26.11852037769068         96.22711434654748         26.93147770322104         3100990883.532623         632.8205366444818         
159.2764235796151         26.11860714588158         96.29314982191357         26.9322434544054          3149146418.50321          642.8205366444818         
159.2752889494675         26.11869436669473         96.35721282387792         26.93301686023416         3197295833.74738          652.8205366444818         
159.2741575213992         26.11878133713834         96.41938444512741         26.93378877809667         3245439257.726311         662.8205366444818         
159.2730441094613         26.1188667326727          96.47974100606162         26.93455037005977         3293576815.428151         672.8205366444818         
159.2719605055271         26.11894965376563         96.53835496964798         26.93529495823895         3341708627.946986         682.8205366444818         
159.2709153545854         26.11903005142247         96.59529581143761         26.93601779673526         3389834812.12426          692.8205366444818         
159.2699133534346         26.11910732486941         96.65063079274282         26.93671648873442         3437955480.287333         702.8205366444818         
159.2689539257239         26.11918192767393         96.70442557874543         26.93739193140994         3486070740.116961         712.8205366444818         
159.2680308415569         26.11925433268697         96.75674464903891         26.93804856879274         3534180694.667071         722.8205366444818         
159.2671322556437         26.11932485611968         96.807651467494           26.93869438540275         3582285442.546292         732.8205366444818         
159.266243531747          26.11939533499724         96.85720840833008         26.93933852762562         3630385078.253425         742.8205366444818         
159.2653450866621         26.11946671095589         96.90547646943244         26.93999355689765         3678479692.641464         752.8205366444818         
159.2644154514335         26.1195401942565          96.95251483300351         26.94067309928329         3726569373.47059          762.8205366444818         
159.2634336303023         26.11961762781674         96.99838034994615         26.94139013936935         3774654206.002522         772.8205366444818         
159.2623796078747         26.11970020025466         97.04312702535849         26.94215701702966         3822734273.587891         782.8205366444818         
159.2612350680725         26.11978880694699         97.08680556888289         26.94298515448476         3870809658.204138         792.8205366444818         
159.2599860120649         26.11988468932692         97.12946305175001         26.94388302168767         3918880440.911583         802.8205366444818         
159.258622050444          26.11998834546495         97.17114269008597         26.94485699761774         3966946702.206978         812.8205366444818         
159.2571381859001         26.12009998076922         97.21188375621983         26.94590990060932         4015008522.264527         822.8205366444818         
159.25553446307           26.12021958983039         97.25172160924086         26.94704137306719         4063065981.062776         832.8205366444818         
159.2538142936399         26.12034684461861         97.29068783336615         26.94824936674489         4111119158.40145          842.8205366444818         
159.251987867854          26.1204813198641          97.32881047502015         26.94952699449263         4159168133.815833         852.8205366444818         
159.2500675485379         26.12062170066842         97.3661143741453          26.9508665222554          4207212986.398586         862.8205366444818         
159.2480693743288         26.12076718875603         97.4026215891484          26.95225781278788         4255253794.541115         872.8205366444818         
159.2460119958821         26.12091652450309         97.43835191455673         26.95368900308141         4303290635.609692         882.8205366444818         
159.2439146145949         26.12106834853984         97.47332348420042         26.95514803246853         4351323585.575893         892.8205366444818         
159.2417962794985         26.12122142129658         97.50755344019713         26.95662289028891         4399352718.626431         902.8205366444818         
159.2396737775744         26.12137470137844         97.54105863006504         26.95810310261043         4447378106.783038         912.8205366444818         
159.237561604895          26.1215270812997          97.57385627551881         26.95957939360862         4495399819.567245         922.8205366444818         
159.235469087801          26.12167824352387         97.60596454298476         26.96104591238647         4543417923.74555          932.8205366444818         
159.2334007881456         26.12182770016839         97.6374029437991          26.96249964862995         4591432483.186013         942.8205366444818         
159.2313560433415         26.12197535418828         97.66819250661453         26.9639407727671          4639443558.847054         952.8205366444818         
159.2293291703823         26.12212188275439         97.69835569489761         26.96537250224738         4687451208.904279         962.8205366444818         
159.2273100316            26.12226764478679         97.72791608190542         26.96680082153512         4735455489.003847         972.8205366444818         
159.2252854177743         26.12241341796785         97.75689783483485         26.9682336001407          4783456452.615176         982.8205366444818         
159.2232413678699         26.12256034613669         97.78532508733532         26.96967892266862         4831454151.444587         992.8205366444818         
159.2211633509928         26.12270907754985         97.81322128835325         26.97114535482159         4879448635.867247         1002.820536644482         
159.2190380480296         26.12286030238406         97.84060860592858         26.97264076572143         4927439955.337381         1012.820536644482         
159.2168551821873         26.12301495532165         97.86750744170543         26.97417101462629         4975428158.744535         1022.820536644482         
159.2146074452038         26.1231731651379          97.89393608417348         26.97574027406098         5023413294.694166         1032.820536644482         
159.2122915594529         26.12333524943574         97.9199105048383          26.97735022632934         5071395411.701241         1042.820536644482         
159.2099080210874         26.12350113546024         97.94544428587301         26.9790003693873          5119374558.293925         1052.820536644482         
159.2074609515532         26.12367045405129         97.97054866216457         26.9806881607629          5167350783.030102         1062.820536644482         
159.2049590015574         26.12384288524195         97.99523266370342         26.98240812476164         5215324134.432507         1072.820536644482         
159.2024129608881         26.12401745042833         98.01950335151837         26.98415386836316         5263294660.849744         1082.820536644482         
159.1998367140332         26.12419353291646         98.04336614799527         26.98591703331173         5311262410.251479         1092.820536644482         
159.1972453964102         26.12437022540008         98.06682526642774         26.98768870001524         5359227429.968063         1102.820536644482         
159.1946546376537         26.1245464536313          98.08988424089375         26.9894597405726          5407189766.388198         1112.820536644482         
159.1920792833949         26.12472153429628         98.11254654569143         26.99122158349584         5455149464.633517         1122.820536644482         
159.189531453897          26.12489467639075         98.13481627387026         26.99296753640511         5503106568.235054         1132.820536644482         
159.1870192795534         26.12506549899801         98.15669881996826         26.99469350627372         5551061118.842296         1142.820536644482         
159.1845466394289         26.12523403219233         98.17820149060267         26.99639782817987         5599013155.998882         1152.820536644482         
159.1821099497294         26.12540039265069         98.19933395569038         26.99808386386255         5646962717.017673         1162.820536644482         
159.1796996743429         26.12556519278025         98.22010845940291         26.99975850050699         5694909836.981033         1172.820536644482         
159.1773009551717         26.12572983464235         98.24053973726473         27.00143160714005         5742854548.87931          1182.820536644482         
159.1748927442346         26.12589535895388         98.26064462925653         27.00311704107905         5790796883.883911         1192.820536644482         
159.1724508758142         26.12606322523521         98.28044142762538         27.00483027607315         5838736871.733992         1202.820536644482         
159.1699495528198         26.12623525756729         98.29994904010225         27.00658758214111         5886674541.201408         1212.820536644482         
159.1673640834784         26.12641280408751         98.31918607257268         27.00840413067116         5934609920.590168         1222.820536644482         
159.1646720934148         26.12659726436119         98.33816993562985         27.01029346368536         5982543038.225221         1232.820536644482         
159.1618558573672         26.12678957736997         98.35691606075312         27.01226590276265         6030473922.890487         1242.820536644482         
159.1589033981164         26.12699035344738         98.37543728193531         27.01432797654835         6078402604.185272         1252.820536644482         
159.1558098088767         26.12719988469872         98.39374340776604         27.01648150211107         6126329112.779005         1262.820536644482         
159.1525778734591         26.12741761587612         98.41184098537586         27.01872320643884         6174253480.554318         1272.820536644482         
159.149216992544          26.12764303696787         98.42973324401268         27.02104576990638         6222175740.636402         1282.820536644482         
159.145743777738          26.12787477605977         98.44742020301352         27.02343724403402         6270095927.311937         1292.820536644482         
159.142182147418          26.12811145493484         98.46489893336265         27.0258808321013          6318014075.844496         1302.820536644482         
159.1385602403505         26.12835085171833         98.48216396864689         27.02835745105707         6365930222.195745         1312.820536644482         
159.1349102427219         26.1285911308926          98.49920786586719         27.03084556747136         6413844402.664553         1322.820536644482         
159.1312673293539         26.12883009421583         98.51602191519741         27.03332174468328         6461756653.459899         1332.820536644482         
159.1276662192938         26.12906539230903         98.53259698655992         27.03576324457526         6509667010.228835         1342.820536644482         
159.1241390724183         26.12929500484557         98.54892448025862         27.03814934583094         6557575507.567218         1352.820536644482         
159.1207143190718         26.1295171891204          98.56499732165302         27.0404618170694          6605482178.547524         1362.820536644482         
159.1174136567229         26.12973105378255         98.58081091204657         27.04268701791743         6653387054.302715         1372.820536644482         
159.1142492043019         26.12993552652994         98.59636392920869         27.04481796115846         6701290163.705941         1382.820536644482         
159.1112244059729         26.13013052032268         98.61165886929099         27.04685315768432         6749191533.181135         1392.820536644482         
159.1083320197527         26.13031682939859         98.62670224305327         27.04879826404347         6797091186.668591         1402.820536644482         
159.1055558243316         26.13049556282832         98.64150438353593         27.05066463865143         6844989145.753437         1412.820536644482         
159.1028717552619         26.13066800083446         98.65607888000137         27.05246862809278         6892885429.946217         1422.820536644482         
159.100248676298          26.13083637298664         98.67044170948469         27.05423137403101         6940780057.087157         1432.820536644482         
159.0976536706573         26.13100282330883         98.68461017883197         27.0559746821546          6988673043.832791         1442.820536644482         
159.0950536422694         26.13116933422608         98.69860180572097         27.05772023862016         7036564406.177474         1452.820536644482         
159.0924165028156         26.13133798309068         98.71243325705052         27.05948918673141         7084454159.963505         1462.820536644482         
159.0897143440021         26.13151038069845         98.7261194347268          27.06129983979256         7132342321.340429         1472.820536644482         
159.0869266086089         26.13168791718162         98.73967276214623         27.06316526960541         7180228907.144291         1482.820536644482         
159.0840387280444         26.13187127396989         98.75310269128032         27.06509483007252         7228113935.17843          1492.820536644482         
159.081044232576          26.13206099660211         98.76641542710331         27.06709246240545         7275997424.386955         1502.820536644482         
159.0779435937829         26.13225676930526         98.77961385417942         27.06915779532583         7323879394.919416         1512.820536644482         
159.0747462179228         26.13245830360974         98.79269764916036         27.07128429694597         7371759868.090173         1522.820536644482         
159.0714677290996         26.13266437355298         98.80566356808954         27.073461574743           7419638866.239516         1532.820536644482         
159.0681282369807         26.1328737196686          98.81850590293742         27.07567666221183         7467516412.506462         1542.820536644482         
159.0647533025958         26.13308503326014         98.83121710363301         27.07791281653064         7515392530.526497         1552.820536644482         
159.0613702152229         26.13329640752783         98.84378855545282         27.08015238542964         7563267244.071949         1562.820536644482         
159.0580059440947         26.13350635391036         98.85621148465232         27.08237811910339         7611140576.658285         1572.820536644482         
159.0546851648865         26.13371320275357         98.86847793985829         27.0845743529369          7659012551.145657         1582.820536644482         
159.0514283262931         26.13391608030498         98.88058176706342         27.08672814426806         7706883189.370285         1592.820536644482         
159.0482487074796         26.13411404396471         98.89251947091081         27.0888313736591          7754752511.842547         1602.820536644482         
159.0451526153925         26.13430674992538         98.90429084528952         27.09088016011088         7802620537.546342         1612.820536644482         
159.0421365144068         26.13449436304045         98.91589926973977         27.0928772255803          7850487283.86618          1622.820536644482         
159.0391901718894         26.13467769963917         98.92735160732799         27.09482909346331         7898352766.654701         1632.820536644482         
159.0362963210076         26.13485775467234         98.93865769921135         27.09674665706736         7946217000.436125         1642.820536644482         
159.0334322528103         26.13503564446962         98.94982951608947         27.09864423768864         7994079998.723465         1652.820536644482         
159.0305746085155         26.13521279029668         98.96088008013106         27.10053592624389         8041941774.413144         1662.820536644482         
159.0277001502893         26.1353907163134          98.97182229986706         27.10243558311312         8089802340.212424         1672.820536644482         
159.0247890911166         26.13557040893425         98.98266785855424         27.10435453796715         8137661709.054357         1682.820536644482         
159.0218273981593         26.13575218542615         98.99342626918775         27.10630012681699         8185519894.46047          1692.820536644482         
159.0188076060831         26.13593673032642         99.00410416842598         27.10827542846731         8233376910.821451         1702.820536644482         
159.0157303101389         26.13612383216434         99.01470487889563         27.11027821853076         8281232773.577574         1712.820536644482         
159.0126043927147         26.13631250011476         99.02522823564117         27.11230093492788         8329087499.291487         1722.820536644482         
159.0094459545517         26.13650183003367         99.03567065258858         27.11433165158646         8376941105.614572         1732.820536644482         
159.0062779605068         26.13669038282361         99.04602539782191         27.11635426167582         8424793611.154087         1742.820536644482         
159.0031293540492         26.1368760637626          99.05628304985258         27.11834905244116         8472645035.252068         1752.820536644482         
159.000032906087          26.13705728715244         99.06643211504282         27.12029428812924         8520495397.689306         1762.820536644482         
158.9970227854693         26.1372317207034          99.07645979230345         27.12216797697089         8568344718.329829         1772.820536644482         
158.9941333757912         26.13739726454721         99.08635287172933         27.12394839346755         8616193016.723888         1782.820536644482         
158.9913972368865         26.13755235424246         99.0960987441084          27.12561530008199         8664040311.691214         1792.820536644482         
158.9888404906268         26.13769530426231         99.10568647706225         27.12715344957308         8711886620.910828         1802.820536644482         
158.9864825281107         26.13782523486954         99.11510788538827         27.12855216840077         8759731960.548283         1812.820536644482         
158.9843330642064         26.13794190169976         99.1243584941203          27.12980737486241         8807576344.954067         1822.820536644482         
158.9823909570763         26.13804543019276         99.13343827404012         27.13092214711846         8855419786.466303         1832.820536644482         
158.980642454558          26.13813689103096         99.14235203261535         27.13190800304477         8903262295.345194         1842.820536644482         
158.9790631407216         26.13821803458624         99.15110937371681         27.1327830885773          8951103879.855417         1852.820536644482         
158.977619330772          26.1382912460629          99.15972419543645         27.1335711710019          8998944546.497169         1862.820536644482         
158.9762690635146         26.13835881331131         99.16821376558129         27.13430123549462         9046784300.369068         1872.820536644482         
158.9749659485245         26.13842381973734         99.1765974795741          27.13500472979632         9094623145.6306           1882.820536644482         
158.9736641289983         26.13848926474301         99.18489544917821         27.13571193070399         9142461086.021046         1892.820536644482         
158.9723202030159         26.13855758653438         99.19312708223791         27.13645105374613         9190298125.388012         1902.820536644482         
158.9708953873591         26.13863098112811         99.20130979329392         27.13724709740342         9238134268.181665         1912.820536644482         
158.9693600047878         26.13871125568025         99.2094579440498          27.13811848226463         9285969519.878992         1922.820536644482         
158.9676947529842         26.13879956936699         99.21758206561528         27.13907639267851         9333803887.313158         1932.820536644482         
158.9658904986434         26.13889607060584         99.22568837282206         27.140125300211           9381637378.893948         1942.820536644482         
158.9639491097803         26.13900068482192         99.23377855350876         27.1412623905742          9429470004.714487         1952.820536644482         
158.9618841204207         26.13911240402999         99.24184980419078         27.14247698592277         9477301776.546059         1962.820536644482         
158.9597191635157         26.13922959286208         99.24989508520316         27.14375183994532         9525132707.727116         1972.820536644482         
158.9574865713144         26.13935032839576         99.25790357860761         27.1450641567709          9572962812.95509          1982.820536644482         
158.955225220775          26.13947174056352         99.26586134248203         27.14638719223142         9620792107.991774         1992.820536644482         
158.952980031025          26.13959137895877         99.27375215920581         27.14769021354944         9668620609.295637         2002.820536644482         
158.9507980642478         26.13970632584762         99.28155856893068         27.14894142009666         9716448333.598494         2012.820536644482         
158.9487253584723         26.13981343925369         99.28926305919268         27.15011010558635         9764275297.449249         2022.820536644482         
158.9468043694502         26.13991027782238         99.29684934935392         27.15116819266827         9812101516.753536         2032.820536644482         
158.9450713257145         26.13999503934157         99.30430367130776         27.15209184146203         9859927006.343498         2042.820536644482         
158.9435527989963         26.14006570079695         99.31161591564269         27.15286383927952         9907751779.614634         2052.820536644482         
158.9422633021744         26.14012154754382         99.31878049928761         27.15347520341912         9955575848.26475          2062.820536644482         
158.9412056577193         26.14016245761084         99.32579682750428         27.15392454204023         10003399222.16245         2072.820536644482         
158.9403709649318         26.14018924915418         99.33266927116122         27.15421805734756         10051221909.3594          2082.820536644482         
158.9397388830055         26.14020313559624         99.33940665215063         27.15436954977872         10099043916.24389         2092.820536644482         
158.9392804050651         26.14020539887608         99.34602130803563         27.15439846979442         10146865247.81647         2102.820536644482         
158.938962361159          26.14019890119273         99.35252786866334         27.15432656732015         10194685908.05442         2112.820536644482         
158.9387487201882         26.14018531230716         99.35894190832916         27.15417752681086         10242505900.32436         2122.820536644482         
158.9386047165348         26.14016662616241         99.36527863231667         27.1539740448374          10290325227.80115         2132.820536644482         
158.9384991179058         26.14014502970699         99.37155172190953         27.15373650858914         10338143893.85631         2142.820536644482         
158.9384070776415         26.14012184350168         99.37777241390505         27.15348098694508         10385961902.38766         2152.820536644482         
158.938311149954          26.14009807520932         99.38394884420755         27.15321874091705         10433779258.07195         2162.820536644482         
158.9382011297323         26.14007426647114         99.39008565064461         27.15295661608052         10481595966.53055         2172.820536644482         
158.9380767286396         26.14005057371505         99.39618381411879         27.15269476410424         10529412034.4055          2182.820536644482         
158.9379455682632         26.14002661117472         99.40224071628445         27.15242841416875         10577227469.34681         2192.820536644482         
158.9378230337574         26.14000122405258         99.40825040076268         27.152147871899           10625042279.91513         2202.820536644482         
158.9377302577579         26.13997331686182         99.41420403712517         27.15184006362679         10672856475.40572         2212.820536644482         
158.9376943733099         26.1399414809945          99.42009059353248         27.15148792589678         10720670065.60193         2222.820536644482         
158.9377445939445         26.13990392290782         99.42589771961509         27.15107340979178         10768483060.47064         2232.820536644482         
158.937910678581          26.13985910833283         99.43161282354878         27.15057822484211         10816295469.81709         2242.820536644482         
158.93821849572           26.13980549238302         99.43722429403689         27.14998709324202         10864107302.92326         2252.820536644482         
158.9386887216926         26.13974211917158         99.44272277559101         27.14928815159445         10911918568.20047         2262.820536644482         
158.9393341134528         26.13966854445827         99.44810236478376         27.14847464614965         10959729272.89143         2272.820536644482         
158.9401551520776         26.13958457601117         99.45336156826352         27.14754824663644         11007539422.85772         2282.820536644482         
158.941141862954          26.13949113458687         99.45850386568648         27.14651701192983         11055349022.48357         2292.820536644482         
158.9422715774741         26.13938995835373         99.46353776036868         27.14539729331299         11103158074.71596         2302.820536644482         
158.9435126416732         26.139282725184           99.46847627198251         27.14421065501195         11150966581.24489         2312.820536644482         
158.9448251286625         26.13917167133388         99.47333591468899         27.14298377476167         11198774542.8098          2322.820536644482         
158.9461651340461         26.13906001330473         99.47813528702443         27.14174537584598         11246581959.60194         2332.820536644482         
158.9474897410991         26.13894966215337         99.48289345374609         27.14052271997863         11294388831.72101         2342.820536644482         
158.9487600231832         26.13884298893747         99.48762831416819         27.13933986947804         11342195159.64034         2352.820536644482         
158.9499439078225         26.13874173067447         99.49235512759665         27.13821601578447         11390000944.63717         2362.820536644482         
158.9510200914638         26.1386467020444          99.49708531652004         27.13716271718652         11437806189.1528          2372.820536644482         
158.9519799914288         26.13855851847374         99.50182561175643         27.13618270914812         11485610897.0575          2382.820536644482         
158.9528273973644         26.13847652437277         99.50657755489419         27.13527055969851         11533415073.8062          2392.820536644482         
158.9535783952967         26.13839914670482         99.51133734111636         27.1344129207023          11581218726.47966         2402.820536644482         
158.9542634654336         26.13832463739357         99.51609597321404         27.13358661242052         11629021863.7128          2412.820536644482         
158.9549233035449         26.13825073106739         99.52083969937006         27.13276218425865         11676824495.51653         2422.820536644482         
158.9556064075003         26.13817366944198         99.525550716111           27.13190574414042         11724626633.00223         2432.820536644482         
158.9563694232864         26.13809022896771         99.53020812712167         27.13097814990504         11772428288.02167         2442.820536644482         
158.9572711465397         26.13799697725417         99.53478914886813         27.12993973396759         11820229472.73799         2452.820536644482         
158.9583706162016         26.13789033402264         99.53927054015148         27.12875122435811         11868030199.14888         2462.820536644482         
158.9597220207941         26.13776713983273         99.54363020450789         27.12737740412676         11915830478.58873         2472.820536644482         
158.9613703187769         26.13762480301831         99.54784887231772         27.1257900550848          11963630321.24304         2482.820536644482         
158.963348911588          26.13746174154626         99.55191172335685         27.12396907742765         12011429735.71349         2492.820536644482         
158.9656757691498         26.13727708703161         99.55580977519134         27.12190509237291         12059228728.67383         2502.820536644482         
158.9683499517129         26.13707102942068         99.55954085187203         27.11960192872235         12107027304.65357         2512.820536644482         
158.9713532772868         26.13684531888692         99.56310997530167         27.1170747922131          12154825465.97677         2522.820536644482         
158.9746507107295         26.13660210804198         99.56652909110618         27.11434997026963         12202623212.8679          2532.820536644482         
158.9781921852591         26.13634446137072         99.56981613783056         27.11146363763161         12250420543.71761         2542.820536644482         
158.9819180190034         26.13607652213446         99.57299356948134         27.10845777101841         12298217455.48309         2552.820536644482         
158.9857625461626         26.13580202117323         99.57608651946856         27.10537789597748         12346013944.18217         2562.820536644482         
158.9896605853839         26.13552523698031         99.57912082990836         27.10226838673745         12393810005.43309         2572.820536644482         
158.9935500688121         26.13524960255137         99.58212116094523         27.09917121412708         12441605634.99077         2582.820536644482         
158.9973776628777         26.1349781616495          99.585109348584           27.09612185593906         12489400829.23668         2592.820536644482         
159.0011018557534         26.13471400410906         99.588103114652           27.09314732438622         12537195585.58944         2602.820536644482         
159.0046933985316         26.13445796207124         99.59111517036072         27.09026633700565         12584989902.81494         2612.820536644482         
159.0081373644507         26.13421108505067         99.59415270768032         27.08748780824495         12632783781.22509         2622.820536644482         
159.0114337738263         26.13397335714469         99.59721724636832         27.08481044896657         12680577222.76295         2632.820536644482         
159.0145963345339         26.13374392094423         99.60030479885923         27.08222385032931         12728370230.97749         2642.820536644482         
159.0176503163604         26.13352102403161         99.60340632242578         27.07971017730488         12776162810.89519         2652.820536644482         
159.0206321352437         26.1333022756763          99.60650843984271         27.0772441877762          12823954968.79832         2662.820536644482         
159.0235851622509         26.13308550450756         99.60959441823101         27.0747964524865          12871746711.92273         2672.820536644482         
159.0265583885471         26.13286744269589         99.61264539203401         27.0723338796018          12919538048.09115         2682.820536644482         
159.0296010605182         26.13264526789169         99.61564179686623         27.06982371649686         12967328985.30362         2692.820536644482         
159.0327595127571         26.13241631871493         99.61856494626132         27.0672354811319          13015119531.3119          2702.820536644482         
159.0360736244253         26.13217841176831         99.62139863753293         27.06454317658974         13062909693.21068         2712.820536644482         
159.0395730565753         26.13192976889022         99.62413062961586         27.06172778218369         13110699477.08183         2722.820536644482         
159.0432743635602         26.13166929632882         99.62675381079484         27.05877910509509         13158488887.72763         2732.820536644482         
159.0471800550581         26.13139741004592         99.62926688188729         27.0556961473494          13206277928.52319         2742.820536644482         
159.0512783624332         26.13111441129345         99.63167443098926         27.05248720329103         13254066601.4062          2752.820536644482         
159.055545971233          26.13082191931572         99.63398636281318         27.04916766869959         13301854907.00642         2762.820536644482         
159.0599491072174         26.1305216947497          99.63621674907857         27.04575968450796         13349642844.89912         2772.820536644482         
159.0644494465045         26.13021591802943         99.63838226030008         27.04228771806739         13397430413.95131         2782.820536644482         
159.0690078973435         26.12990708195519         99.64050039722615         27.03877620425204         13445217612.719           2792.820536644482         
159.0735881772378         26.12959680425362         99.64258774903588         27.03524738337753         13493004439.85099         2802.820536644482         
159.0781602482711         26.12928668840379         99.64465847000257         27.03171916189119         13540790894.45812         2812.820536644482         
159.0827037476385         26.1289778840849          99.64672310216034         27.02820279276962         13588576976.41603         2822.820536644482         
159.0872092142324         26.12867079384794         99.6487877999821          27.02470230980181         13636362686.58068         2832.820536644482         
159.0916776521152         26.12836486575192         99.6508539538343          27.02121521611438         13684148026.90696         2842.820536644482         
159.0961215370385         26.12805950186793         99.65291817100864         27.01773167253509         13731933000.46944         2852.820536644482         
159.100563426963          26.12775333990163         99.65497255896949         27.01423564207918         13779717611.39093         2862.820536644482         
159.1050341654209         26.12744453112227         99.65700526159071         27.01070624349242         13827501864.68756         2872.820536644482         
159.1095709542075         26.12713069012055         99.65900121488133         27.00711907498678         13875285766.04123         2882.820536644482         
159.1142147547645         26.12680987534083         99.66094310572552         27.00344800562063         13923069321.51135         2892.820536644482         
159.1190078836734         26.1264796927525          99.66281252642992         26.99966667184483         13970852537.19963         2902.820536644482         
159.1239910994024         26.12613779641741         99.66459131002972         26.99575029430115         14018635418.88464         2912.820536644482         
159.1291986947629         26.12578273173975         99.6662630054882          26.99167920024948         14066417971.6476          2922.820536644482         
159.1346557784038         26.1254132818423          99.66781440991497         26.98744030879269         14114200199.51586         2932.820536644482         
159.1403763998931         26.12502895081862         99.66923702509351         26.98302789633355         14161982105.15538         2942.820536644482         
159.1463583315725         26.12463018772935         99.67052826581595         26.97844749347871         14209763689.64527         2952.820536644482         
159.1525835614946         26.12421845535962         99.67169223497463         26.97371487419656         14257544952.36479         2962.820536644482         
159.1590173680702         26.12379598478191         99.67273990818816         26.96885666726206         14305325891.01491         2972.820536644482         
159.1656115756484         26.12336612165618         99.67368864333346         26.96390761099424         14353106501.78281         2982.820536644482         
159.1723055706444         26.12293208603588         99.67456103210471         26.95891022750968         14400886779.64087         2992.820536644482         
159.1790317589573         26.12249806680679         99.67538321644558         26.95391081970987         14448666718.75495         3002.820536644482         
159.1857219921489         26.12206852006853         99.67618287469732         26.94895484464692         14496446312.96365         3012.820536644482         
159.1923104867545         26.12164652974319         99.6769871170586          26.94408552876411         14544225556.28384         3022.820536644482         
159.1987400053013         26.12123541223496         99.67782051435617         26.93933946960715         14592004443.39751         3032.820536644482         
159.2049647403136         26.12083774348549         99.67870343082195         26.93474508740577         14639782970.08166         3042.820536644482         
159.2109548698093         26.12045507253756         99.67965075981425         26.9303193351216          14687561133.55268         3052.820536644482         
159.2166961225265         26.12008764801874         99.68067109426845         26.9260686450599          14735338932.70723         3062.820536644482         
159.2221913355708         26.11973493370433         99.68176631632026         26.92198785727187         14783116368.25172         3072.820536644482         
159.2274609084104         26.11939588401065         99.68293156685422         26.91805990580763         14830893442.71931         3082.820536644482         
159.232540645222          26.11906797477192         99.68415555435062         26.91425765510543         14878670160.37852         3092.820536644482         
159.2374803018144         26.11874778004477         99.68542117515101         26.91054492432962         14926446527.04042         3102.820536644482         
159.2423405763695         26.11843177306682         99.68670643197581         26.90687872102314         14974222549.77403         3112.820536644482         
159.2471904805197         26.11811590336546         99.68798564638337         26.90321095466753         15021998236.5416          3122.820536644482         
159.2521038427521         26.11779571238074         99.68923095679877         26.89949077143111         15069773595.77007         3132.820536644482         
159.25715285115           26.11746697995723         99.69041406978751         26.89566936552178         15117548635.87943         3142.820536644482         
159.2624048286269         26.11712577487573         99.69150818987835         26.89170176887169         15165323364.79567         3152.820536644482         
159.2679175329763         26.11676912823619         99.69248999876193         26.88754993283154         15213097789.48169         3162.820536644482         
159.2737334362087         26.11639448663124         99.69334150130975         26.88318675819545         15260871915.52434         3172.820536644482         
159.2798771511333         26.11600055564329         99.69405152475693         26.87859748123772         15308645746.81544         3182.820536644482         
159.2863532557284         26.11558743264514         99.69461666468561         26.87378100675083         15356419285.35974         3192.820536644482         
159.2931461646621         26.11515641847063         99.69504152514297         26.86874979420292         15404192531.23119         3202.820536644482         
159.3002216821418         26.11470919753068         99.69533819735342         26.86352868980785         15451965482.68301         3212.820536644482         
159.3075299920978         26.11424906719532         99.6955250374359          26.85815286313807         15499738136.39905         3222.820536644482         
159.3150109797891         26.11377990226639         99.69562490849724         26.85266398709667         15547510487.85797         3232.820536644482         
159.3225997243466         26.11330511255839         99.69566312088838         26.84710646730107         15595282531.77025         3242.820536644482         
159.3302301253566         26.11282858470394         99.69566531916725         26.84152540059583         15643054262.54392         3252.820536644482         
159.3378414419352         26.11235398026681         99.69565553045545         26.83596183029474         15690825674.73688         3262.820536644482         
159.3453820557856         26.11188426825522         99.69565452569792         26.83045033969213         15738596763.46052         3272.820536644482         
159.3528113952694         26.11142166450662         99.695678573528           26.82501808887477         15786367524.70958         3282.820536644482         
159.3601027772581         26.11096742579202         99.69573860737719         26.8196827653726          15834137955.6019          3292.820536644482         
159.3672437544            26.1105226600603          99.69583978990303         26.81445256905495         15881908054.52071         3302.820536644482         
159.3742366656116         26.11008705246824         99.69598144452071         26.80932580778351         15929677821.1574          3312.820536644482         
159.3810976032419         26.10965942081442         99.69615732794378         26.80429170059963         15977447256.4575          3322.820536644482         
159.3878541431575         26.1092383958345          99.69635622987363         26.79933210721499         16025216362.47518         3332.820536644482         
159.3945434112885         26.10882198349001         99.69656289477167         26.79442277542731         16072985142.1448          3342.820536644482         
159.4012091847723         26.10840765798419         99.69675925988287         26.78953525852652         16120753598.98201         3352.820536644482         
159.4078975333647         26.1079928355203          99.69692598501395         26.78463995944708         16168521736.73162         3362.820536644482         
159.4146520510953         26.10757515791835         99.6970442106541          26.77970940741165         16216289558.98607         3372.820536644482         
159.4215101870335         26.10715307222202         99.69709742837972         26.77472043549225         16264057068.80447         3382.820536644482         
159.4284990396299         26.1067249049666          99.69707329062916         26.76965688012068         16311824268.36779         3392.820536644482         
159.4356303758248         26.10628997921892         99.69696514376137         26.76451309023291         16359591158.70716         3402.820536644482         
159.4428995647168         26.10584918461596         99.69677306044099         26.75929419085232         16407357739.53953         3412.820536644482         
159.4502865143699         26.10540370883677         99.69650418682913         26.75401493425982         16455124009.23521         3422.820536644482         
159.4577546512467         26.10495551958333         99.69617230766099         26.7487007697164          16502889964.92763         3432.820536644482         
159.4652557647126         26.10450740480395         99.69579665280146         26.74338410195485         16550655602.75747         3442.820536644482         
159.472733849551          26.10406246786819         99.69540009093707         26.73810180106748         16598420918.22609         3452.820536644482         
159.4801331333043         26.10362365448491         99.69500694777649         26.7328892580312          16646185906.61974         3462.820536644482         
159.487400296268          26.10319400112904         99.69464072618253         26.72777970704749         16693950563.45895         3472.820536644482         
159.4944908499234         26.10277537138691         99.6943219869609          26.72279978363399         16741714884.9277          3482.820536644482         
159.5013743853537         26.10236922320138         99.69406658787859         26.71796589687141         16789478868.24352         3492.820536644482         
159.5080357102154         26.10197629070366         99.69388439785524         26.71328406661444         16837242511.93955         3502.820536644482         
159.5144769800995         26.1015957059961          99.69377852580409         26.708748555488           16885005816.04102         3512.820536644482         
159.5207170769039         26.10122621345246         99.69374504827935         26.70434270643739         16932768782.12871         3522.820536644482         
159.5267919545484         26.10086553197817         99.69377319144182         26.7000386381498          16980531413.28989         3532.820536644482         
159.5327518318414         26.10051052188897         99.6938459160193          26.69579954893539         17028293713.96301         3542.820536644482         
159.5386581804775         26.10015748800191         99.69394086292553         26.69158196718965         17076055689.68618         3552.820536644482         
159.5445802061779         26.09980230355725         99.69403162980385         26.68733826501044         17123817346.76248         3562.820536644482         
159.5505915987273         26.09944133575963         99.69408935308184         26.68301872673035         17171578691.85831         3572.820536644482         
159.5567644452676         26.09907019518608         99.69408456104165         26.67857599809161         17219339731.55495         3582.820536644482         
159.5631645990156         26.09868527777904         99.69398923524658         26.67396806141262         17267100471.87846         3592.820536644482         
159.5698463139992         26.09828427108538         99.69377897088407         26.66916176837941         17314860917.83858         3602.820536644482         
159.5768477208837         26.09786532604344         99.69343507246813         26.6641356453516          17362621073.01183         3612.820536644482         
159.5841869553021         26.09742765985569         99.69294637326847         26.65888219970985         17410380939.20678         3622.820536644482         
159.5918569704372         26.09697216847722         99.69231054550784         26.65341168528528         17458140516.24679         3632.820536644482         
159.5998290495443         26.09650095729156         99.69153469285348         26.64774843727652         17505899801.89835         3642.820536644482         
159.608052516491          26.09601756677402         99.69063509134472         26.64193109980588         17553658791.95959         3652.820536644482         
159.6164556341926         26.09552587834323         99.68963606121081         26.63601233920269         17601417480.50627         3662.820536644482         
159.6249543562538         26.09503094118077         99.68856808499572         26.63005191006413         17649175860.27435         3672.820536644482         
159.633458128239          26.09453830436011         99.68746539919343         26.62411274334831         17696933923.14248         3682.820536644482         
159.6418754941931         26.09405302500891         99.68636335167375         26.61825742060479         17744691660.66809         3692.820536644482         
159.6501209393441         26.09357960120652         99.68529582176402         26.61254349438547         17792449064.62831         3702.820536644482         
159.6581202881722         26.0931222425976          99.68429294664236         26.60701999003016         17840206127.52102         3712.820536644482         
159.6658160042775         26.0926842596969          99.68337931269977         26.60172377778555         17887962842.99123         3722.820536644482         
159.6731686866915         26.0922670540705          99.68257268168499         26.59667904658428         17935719206.15908         3732.820536644482         
159.6755546733146         26.0921319913025          99.68232798757536         26.59504519635385         17951744482.92002         3736.176185033743         
